-0.75,0.0,0.0,0.0,0.0,0.0,-0.0348284506569,0.0408611638196,-0.0
-0.750696569013,0.000817223276392,0.0,-0.00696569013137,0.00817223276392,0.0,-0.0348284506569,0.0408611638196,-0.0
-0.752786276053,0.00326889310557,0.0,-0.0139313802627,0.0163444655278,0.0,-0.0348284506569,0.0408611638196,-0.0
-0.756269121118,0.00735500948753,0.0,-0.0208970703941,0.0245166982918,0.0,-0.0348284506569,0.0408611638196,-0.0
-0.76114510421,0.0130755724223,0.0,-0.0278627605255,0.0326889310557,0.0,-0.0348284506569,0.0408611638196,-0.0
-0.767414225328,0.0204305819098,0.0,-0.0348284506569,0.0408611638196,0.0,-0.0348284506569,0.0408611638196,-0.0
-0.775076484473,0.0294200379501,0.0,-0.0417941407882,0.0490333965835,0.0,-0.0348284506569,0.0408611638196,-0.0
-0.784131881644,0.0400439405432,0.0,-0.0487598309196,0.0572056293475,0.0,-0.0037742063085,0.0449167021748,-0.0
-0.793959331954,0.0523834004562,0.0,-0.0495146721813,0.0661889697824,0.0,-0.0037742063085,0.0449167021748,-0.0
-0.803937750516,0.0665195284562,0.0,-0.050269513443,0.0751723102174,0.0,-0.0037742063085,0.0449167021748,-0.0
-0.814067137331,0.0824523245432,0.0,-0.0510243547047,0.0841556506523,0.0,-0.0037742063085,0.0449167021748,-0.0
-0.824347492398,0.100181788717,0.0,-0.0517791959664,0.0931389910873,0.0,-0.0037742063085,0.0449167021748,-0.0
-0.834778815718,0.119707920978,0.0,-0.0525340372281,0.102122331522,0.0,-0.0037742063085,0.0449167021748,-0.0
-0.845361107289,0.141030721326,0.0,-0.0532888784898,0.111105671957,0.0,-0.0037742063085,0.0449167021748,-0.0
-0.856094367114,0.164150189761,0.0,-0.0540437197515,0.120089012392,0.0,-0.0130262919801,0.0310189259747,-0.0
-0.867163636903,0.188788370759,0.0,-0.0566489781475,0.126292797587,0.0,-0.0130262919801,0.0310189259747,-0.0
-0.878753958373,0.214667308796,0.0,-0.0592542365436,0.132496582782,0.0,-0.0130262919801,0.0310189259747,-0.0
-0.890865331521,0.241787003872,0.0,-0.0618594949396,0.138700367977,0.0,-0.0130262919801,0.0310189259747,-0.0
-0.903497756348,0.270147455987,0.0,-0.0644647533356,0.144904153172,0.0,-0.0130262919801,0.0310189259747,-0.0
-0.916651232855,0.29974866514,0.0,-0.0670700117316,0.151107938367,0.0,-0.0130262919801,0.0310189259747,-0.0
-0.930325761041,0.330590631333,0.0,-0.0696752701277,0.157311723562,0.0,-0.0130262919801,0.0310189259747,-0.0
-0.944521340906,0.362673354565,0.0,-0.0722805285237,0.163515508757,0.0,0.0250927731264,0.0176968054347,-0.0
-0.958475591148,0.395730392425,0.0,-0.0672619738984,0.167054869844,0.0,0.0250927731264,0.0176968054347,-0.0
-0.971426130466,0.429495302503,0.0,-0.0622434192731,0.170594230931,0.0,0.0250927731264,0.0176968054347,-0.0
-0.983372958858,0.463968084797,0.0,-0.0572248646478,0.174133592017,0.0,0.0250927731264,0.0176968054347,-0.0
-0.994316076325,0.49914873931,0.0,-0.0522063100226,0.177672953104,0.0,0.0250927731264,0.0176968054347,-0.0
-1.00425548287,0.535037266039,0.0,-0.0471877553973,0.181212314191,0.0,0.0250927731264,0.0176968054347,-0.0
-1.01319117848,0.571633664986,0.0,-0.042169200772,0.184751675278,0.0,0.0250927731264,0.0176968054347,-0.0
-1.02112316318,0.60893793615,0.0,-0.0371506461467,0.188291036365,0.0,0.0330599718801,-0.00905573591248,-0.0
-1.02789209297,0.646415028705,0.0,-0.0305386517707,0.186479889183,0.0,0.0330599718801,-0.00905573591248,-0.0
-1.03333862388,0.683529891824,0.0,-0.0239266573947,0.184668742,0.0,0.0330599718801,-0.00905573591248,-0.0
-1.03746275593,0.720282525505,0.0,-0.0173146630187,0.182857594818,0.0,0.0330599718801,-0.00905573591248,-0.0
-1.04026448909,0.756672929751,0.0,-0.0107026686427,0.181046447635,0.0,0.0330599718801,-0.00905573591248,-0.0
-1.04174382338,0.792701104559,0.0,-0.00409067426668,0.179235300453,0.0,0.0330599718801,-0.00905573591248,-0.0
-1.0419007588,0.828367049932,0.0,0.00252132010933,0.17742415327,0.0,0.0330599718801,-0.00905573591248,-0.0
-1.04073529534,0.863670765868,0.0,0.00913331448534,0.175613006088,0.0,0.0410272108547,-0.0358082610579,-0.0
-1.03808808822,0.898077201864,0.0,0.0173387566563,0.168451353876,0.0,0.0410272108547,-0.0358082610579,-0.0
-1.03379979268,0.931051307418,0.0,0.0255441988272,0.161289701665,0.0,0.0410272108547,-0.0358082610579,-0.0
-1.02787040869,0.96259308253,0.0,0.0337496409982,0.154128049453,0.0,0.0410272108547,-0.0358082610579,-0.0
-1.02029993628,0.992702527199,0.0,0.0419550831691,0.146966397241,0.0,0.0410272108547,-0.0358082610579,-0.0
-1.01108837543,1.02137964143,0.0,0.0501605253401,0.13980474503,0.0,0.0410272108547,-0.0358082610579,-0.0
-1.00023572614,1.04862442521,0.0,0.058365967511,0.132643092818,0.0,0.0410272108547,-0.0358082610579,-0.0
-0.987741988421,1.07443687855,0.0,0.066571409682,0.125481440607,0.0,0.0295023513486,-0.0445330969451,-0.0
-0.973837659458,1.09864250474,0.0,0.0724718799517,0.116574821218,0.0,0.0295023513486,-0.0445330969451,-0.0
-0.958753236441,1.12106680704,0.0,0.0783723502214,0.107668201829,0.0,0.0295023513486,-0.0445330969451,-0.0
-0.942488719369,1.14170978547,0.0,0.0842728204911,0.0987615824396,0.0,0.0295023513486,-0.0445330969451,-0.0
-0.925044108244,1.16057144002,0.0,0.0901732907608,0.0898549630505,0.0,0.0295023513486,-0.0445330969451,-0.0
-0.906419403065,1.17765177069,0.0,0.0960737610306,0.0809483436615,0.0,0.0295023513486,-0.0445330969451,-0.0
-0.886614603832,1.19295077748,0.0,0.1019742313,0.0720417242725,0.0,0.0295023513486,-0.0445330969451,-0.0
-0.865629710545,1.2064684604,0.0,0.10787470157,0.0631351048835,0.0,0.0191793452953,-0.0520172021449,-0.0
-0.843671183325,1.21805513733,0.0,0.111710570629,0.0527316644545,0.0,0.0191793452953,-0.0520172021449,-0.0
-0.820945482293,1.22756112618,0.0,0.115546439688,0.0423282240255,0.0,0.0191793452953,-0.0520172021449,-0.0
-0.79745260745,1.23498642694,0.0,0.119382308747,0.0319247835965,0.0,0.0191793452953,-0.0520172021449,-0.0
-0.773192558794,1.24033103962,0.0,0.123218177806,0.0215213431676,0.0,0.0191793452953,-0.0520172021449,-0.0
-0.748165336327,1.24359496421,0.0,0.127054046865,0.0111179027386,0.0,0.0191793452953,-0.0520172021449,-0.0
-0.722370940048,1.24477820071,0.0,0.130889915924,0.000714462309616,0.0,0.0191793452953,-0.0520172021449,-0.0
-0.695809369958,1.24388074913,0.0,0.134725784983,-0.00968897811936,0.0,-0.0132330134005,-0.0390714819903,-0.0
-0.669128873229,1.24116152387,0.0,0.132079182303,-0.0175032745174,0.0,-0.0132330134005,-0.0390714819903,-0.0
-0.642977697036,1.23687943932,0.0,0.129432579623,-0.0253175709155,0.0,-0.0132330134005,-0.0390714819903,-0.0
-0.61735584138,1.2310344955,0.0,0.126785976943,-0.0331318673136,0.0,-0.0132330134005,-0.0390714819903,-0.0
-0.592263306259,1.2236266924,0.0,0.124139374263,-0.0409461637116,0.0,-0.0132330134005,-0.0390714819903,-0.0
-0.567700091674,1.21465603002,0.0,0.121492771583,-0.0487604601097,0.0,-0.0132330134005,-0.0390714819903,-0.0
-0.543666197626,1.20412250836,0.0,0.118846168903,-0.0565747565077,0.0,-0.0132330134005,-0.0390714819903,-0.0
-0.520161624113,1.19202612741,0.0,0.116199566223,-0.0643890529058,0.0,-0.0209975543427,0.000838600693903,-0.0
-0.497341661956,1.17916508885,0.0,0.112000055354,-0.064221332767,0.0,-0.0209975543427,0.000838600693903,-0.0
-0.475361601972,1.16633759431,0.0,0.107800544486,-0.0640536126282,0.0,-0.0209975543427,0.000838600693903,-0.0
-0.454221444161,1.1535436438,0.0,0.103601033617,-0.0638858924895,0.0,-0.0209975543427,0.000838600693903,-0.0
-0.433921188525,1.14078323731,0.0,0.0994015227485,-0.0637181723507,0.0,-0.0209975543427,0.000838600693903,-0.0
-0.414460835062,1.12805637486,0.0,0.09520201188,-0.0635504522119,0.0,-0.0209975543427,0.000838600693903,-0.0
-0.395840383773,1.11536305643,0.0,0.0910025010114,-0.0633827320731,0.0,-0.0209975543427,0.000838600693903,-0.0
-0.378059834657,1.10270328203,0.0,0.0868029901429,-0.0632150119343,0.0,-0.0276665533891,0.015330736243,-0.0
-0.361252567697,1.09036689436,0.0,0.0812696794651,-0.0601488646857,0.0,-0.0276665533891,0.015330736243,-0.0
-0.345551962871,1.07864373615,0.0,0.0757363687872,-0.0570827174371,0.0,-0.0276665533891,0.015330736243,-0.0
-0.330958020182,1.06753380739,0.0,0.0702030581094,-0.0540165701885,0.0,-0.0276665533891,0.015330736243,-0.0
-0.317470739628,1.05703710808,0.0,0.0646697474316,-0.0509504229399,0.0,-0.0276665533891,0.015330736243,-0.0
-0.305090121209,1.04715363821,0.0,0.0591364367538,-0.0478842756913,0.0,-0.0276665533891,0.015330736243,-0.0
-0.293816164926,1.0378833978,0.0,0.0536031260759,-0.0448181284427,0.0,-0.0276665533891,0.015330736243,-0.0
-0.283648870779,1.02922638684,0.0,0.0480698153981,-0.0417519811941,0.0,-0.0343355824272,0.0298228437101,0.0
-0.274721619348,1.02147244747,0.0,0.0412026989127,-0.0357874124521,0.0,-0.0343355824272,0.0298228437101,0.0
-0.267167791214,1.01491142186,0.0,0.0343355824272,-0.0298228437101,0.0,-0.0343355824272,0.0298228437101,0.0
-0.260987386377,1.00954330999,0.0,0.0274684659418,-0.0238582749681,0.0,-0.0343355824272,0.0298228437101,0.0
-0.256180404837,1.00536811187,0.0,0.0206013494563,-0.0178937062261,0.0,-0.0343355824272,0.0298228437101,0.0
-0.252746846594,1.0023858275,0.0,0.0137342329709,-0.011929137484,0.0,-0.0343355824272,0.0298228437101,0.0
-0.250686711649,1.00059645687,0.0,0.00686711648544,-0.00596456874202,0.0,-0.0343355824272,0.0298228437101,0.0
-0.25,1.0,0.0,0.0,0.0,0.0,0.0,0.0,0.0
